hydroxide+M.pcm
hydroxide   -1   0
45
Li   1   0.36  0.0        ! All values from Smith and Martell
Na   1   0.10  0.0        ! volumes 6, 5, and 4, in that order.
K    1  -0.50  0.0 
Be   2   8.60  0.0
Mg   2   2.80  0.0
Ca   2   1.30  0.0
Sr   2   0.80  0.0
Ba   2   0.60  0.0
Sc   3   9.70  0.0
Y    3   6.29  0.0
La   3   5.53  0.0
Pr   3   6.08  0.0
Nd   3   6.20  0.0
Sm   3   6.29  0.0
Eu   3   6.32  0.0
Gd   3   6.28  0.0
Tb   3   6.47  0.0
Dy   3   6.53  0.0
Ho   3   6.59  0.0
Er   3   6.64  0.0
Tm   3   6.68  0.0
Yb   3   6.71  0.0
Lu   3   6.73  0.0
Th   4  10.80  0.0
U    4  13.30  0.0
Pu   4  13.04  0.0
U    2   8.20  0.0
Pu   2   8.40  0.0
V    2   8.30  0.0
Cr   3  10.04  0.0
Mn   2   3.40  0.0
Fe   2   4.60  0.0
Fe   3  11.81  0.0
Co   2   4.30  0.0
Ni   2   4.10  0.0
Cu   2   6.50  0.0
Zn   2   5.00  0.0
Pd   2  13.00  0.0
Ag   1   2.00  0.0  
Cd   2   3.90  0.0
Hg   2  10.60  0.0
Al   3   9.01  0.0
Ga   3  11.47  0.0
In   3  10.10  0.0
Pb   2   6.40  0.0
