CC1  Gd-pyridine LINKER input fragment
 13
 Gd    1    2.455551    0.000000    0.000000  355    2
  N    2    0.000000    0.000000    0.000000   37    1    3    7   13
  C    3   -0.717728    1.140747   -0.099000    2    2    4    8
  C    4   -2.109726    1.165909   -0.101120    2    3    5    9
  C    5   -2.815506   -0.029648    0.002609    2    4    6   10
  C    6   -2.085602   -1.208405    0.104858    2    5    7   11
  C    7   -0.692398   -1.153442    0.099960    2    2    6   12
  H    8   -0.162231    2.089294   -0.181259    5    3
  H    9   -2.649597    2.124130   -0.184189    5    4
  H   10   -3.918716   -0.041214    0.003647    5    5
  H   11   -2.604706   -2.177994    0.188919    5    6
  H   12   -0.114746   -2.089066    0.181122    5    7
 Du   13    0.000000    0.000000    1.000000  201    2
G   1
H   1
    8   X   0
D   2
A   G   -20.0  20.0  20.0   3   2   1
A   G   -20.0  20.0  20.0  13   2   1
