CC1 pyridine+amine chelate 
 23
 Gd    1    0.873718   -2.648026   -0.205078  355    2   14
  N    2   -0.667007   -0.746994   -0.000580   37    1    3    7   13
  C    3   -0.228455    0.530334    0.047700    2    2    4   12
  C    4   -1.082275    1.623947    0.163422    2    3    5    8
  C    5   -2.456696    1.413986    0.234238    2    4    6    9
  C    6   -2.917236    0.103226    0.185318    2    5    7   10
  C    7   -2.000244   -0.940598    0.068604    2    2    6   11
  H    8   -0.674240    2.648041    0.198822    5    4
  H    9   -3.157883    2.260757    0.326309    5    5
  H   10   -3.998489   -0.108246    0.238297    5    6
  H   11   -2.366821   -1.979630    0.029907    5    7
  H   12    0.859283    0.700333   -0.008087    5    3
 Du   13   -0.674026   -0.859558    0.993057  100    2
  N   14    2.388138   -0.581940   -0.020355    8    1   15   16   23
  C   15    3.121506   -0.615479    1.247620    1   14   17   18   19
  C   16    3.339142   -0.562653   -1.134903    1   14   20   21   22
  H   17    3.773392    0.278503    1.367279    5   15
  H   18    2.423035   -0.646744    2.110855    5   15
  H   19    3.764740   -1.520142    1.306534    5   15
  H   20    3.998489    0.333008   -1.095169    5   16
  H   21    3.986023   -1.466431   -1.116104    5   16
  H   22    2.808609   -0.553268   -2.110870    5   16
  H   23    1.521698    0.597229   -0.073532    5   14
G     1
H     2
     12    X    0
     23    X    0
D   6
A   I  -15.0   10.0   5.0   2    1   14
A   I  -10.0   10.0  10.0   1    2    3
A   I  -10.0   10.0  10.0   1    2   13
T   I  -40.0   40.0  10.0   1    2
A   I  -20.0   20.0  10.0   1   14   23
T   I  -40.0   40.0  10.0   1   14
