CC1  Gd-ether LINKER input fragment
  8
 Gd    1    2.430847    0.000000    0.000000  355    2
  O    2    0.000000    0.000000    0.000000    6    1    3    4    8
  C    3   -0.808014   -1.173508    0.000015    1    2    5    6    7
  H    4   -0.786346    1.188217    0.000015   21    2
  H    5   -0.164276   -2.077652   -0.000031    5    3
  H    6   -1.452805   -1.190430   -0.903168    5    3
  H    7   -1.452820   -1.190445    0.903244    5    3
 Du    8    0.000000    0.000000    1.000000  201    2
G   1
H   1
    4   X   0
D   2
A   G   -20.0    0.0   10.0   3   2   1
A   G   -20.0    0.0   10.0   8   2   1
