CC1 ether + ether chelate OVERLAY input fragment 
15
 Gd    1   -0.222382   -1.519348   -0.911377  355    2    5
  O    2   -1.485046    0.355500   -0.017105    6    1    3    4    8
  C    3   -2.907500    0.428192    0.018402    1    2    9   10   11
 Du    4   -1.484497   -0.074722    0.885635  100    2
  O    5    1.458588    0.068008   -0.154221    6    1    6    7   12
  C    6    2.864670   -0.154114   -0.213745    1    5   13   14   15
 Du    7    1.484283    0.475250   -1.067230  100    5
  H    8   -0.878113    1.519363    0.537186    5    2
  H    9   -3.345703   -0.492416   -0.420090    5    3
  H   10   -3.257370    1.306122   -0.563477    5    3
  H   11   -3.256393    0.529007    1.067245    5    3
  H   12    1.143463    1.340271    0.404388    5    5
  H   13    3.073090   -1.151886   -0.652863    5    6
  H   14    3.299255   -0.111740    0.806641    5    6
  H   15    3.345703    0.623856   -0.842545    5    6
G    1
H    2
     8     X     0
    12     X     0
D    7
A    I  -15.0   15.0   5.0   2   1   5
A    I  -10.0   10.0  10.0   1   2   3
A    I  -10.0   10.0  10.0   1   2   4
T    I  -40.0   40.0  10.0   1   2
A    I  -10.0   10.0  10.0   1   5   6
A    I  -10.0   10.0  10.0   1   5   7
T    I  -40.0   40.0  10.0   1   5
