CC1 pyridine + carboxylic acid OVERLAY input fragment 
 17
  O    1    2.659348   -0.728790   -0.419022  147    2    4
  C    2    2.599503    0.502838   -0.644089    3    1    3   12
  O    3    3.602249    1.206223   -0.909012   47    2
 Gd    4    1.296722   -2.572952    0.278381  355    1    5
  N    5   -0.271866   -0.712753   -0.051453    8    4    6   10   11
  C    6    0.142502    0.517563   -0.426758    2    5    7   13
  C    7   -0.727371    1.587234   -0.619827    2    6    8   14
  C    8   -2.093002    1.402390   -0.422394    2    7    9   15
  C    9   -2.528702    0.139984   -0.036179    2    8   10   16
  C   10   -1.596710   -0.882446    0.137405    2    5    9   17
 Du   11   -0.234192   -0.507416    0.926529  100    5
  H   12    1.241486    1.171585   -0.600250    5    2
  H   13    1.223282    0.667648   -0.584015    5    6
  H   14   -0.338943    2.572937   -0.926514    5    7
  H   15   -2.806549    2.231140   -0.567734    5    8
  H   16   -3.602249   -0.050369    0.131073    5    9
  H   17   -1.943649   -1.883163    0.443741    5   10
G    4
H    2
    12    X    0
    13    X    0
D    6
A    I  -15.0   15.0   5.0   1   4   5
A    I  -10.0   10.0  10.0   4   5   6
A    I  -10.0   10.0  10.0   4   5  11
T    I  -40.0   40.0  10.0   4   5
A    I  -20.0   20.0  10.0   4   1   2
T    I  -40.0   40.0  10.0   4   1  
