CC1  Gd-tertiary amine LINKER input fragment
 11
 Gd    1    2.570374    0.000000    0.000000  355    2
  N    2    0.000000    0.000000    0.000000    8    1    3    4    5
  C    3   -0.496964    0.684479    1.196518    1    2    6    7    8
  C    4   -0.496964    0.684387   -1.196533    1    2    9   10   11
  H    5   -0.433044   -1.398895    0.000000   23    2
  H    6   -1.609116    0.683395    1.236588    5    3
  H    7   -0.121384    0.194672    2.120102    5    3
  H    8   -0.153442    1.741379    1.216537    5    3
  H    9   -1.609055    0.683365   -1.236710    5    4
  H   10   -0.153488    1.741318   -1.216736    5    4
  H   11   -0.121323    0.194565   -2.120148    5    4
G   1
H   1
    5   X   0
D   1
A   G   -20.0  20.0  20.0   5   2   1
