CC1 ether + amine chelate OVERLAY input fragment 
 18
 Gd    1    0.272690   -1.683426   -0.807938  355    2    5
  O    2   -1.357819   -0.011810   -0.132568    6    1    3    4    8
  C    3   -2.770096   -0.189087   -0.195236    1    2    9   10   11
 Du    4   -1.352585   -0.382004    0.796371  100    2
  N    5    1.666840    0.316620    0.000122    8    1    6    7   12
  C    6    2.504272   -0.087723    1.132523    1    5   13   14   15
  C    7    2.518555    0.802353   -1.088760    1    5   16   17   18
  H    8   -1.004013    1.271011    0.376678    5    2
  H    9   -3.008881   -1.196411   -0.595383    5    3
  H   10   -3.219910    0.578110   -0.859238    5    3
  H   11   -3.210464   -0.090637    0.818817    5    3
  H   12    0.727158    1.361206    0.412567    5    5
  H   13    3.106781    0.763565    1.520660    5    6
  H   14    1.883545   -0.475845    1.968002    5    6
  H   15    3.205292   -0.897125    0.834320    5    6
  H   16    3.121582    1.683426   -0.775177    5    7
  H   17    3.219894    0.007919   -1.424316    5    7
  H   18    1.908844    1.101135   -1.968002    5    7
G    1
H    2
     8    X    0
    12    X    0
D    6
A    I   -15.0   15.0   5.0   2   1   5
A    I   -10.0   10.0  10.0   1   2   3
A    I   -10.0   10.0  10.0   1   2   4
T    I   -40.0   40.0  10.0   1   2
A    I   -20.0   20.0  10.0   1   5  12
T    I   -40.0   40.0  10.0   1   5
